0
808
1388
1768
2008
2180
2300
2404
2488
2572
2644
2720
2788
2868
2956
3076
3620
4820
4940
5032
5104
5176
5236
5300
5356
5416
5472
5536
5596
5668
5736
5812
5884
5964
6036
6120
6196
6280
6368
6476
6608
7248
7468
7616
7732
7844
7944
8048
8136
8224
8300
8380
8448
8516
8580
8644
8704
8768
8824
8892
8952
9020
9088
9164
9244
9336
9432
9564
9740
10116
10400
10592
10732
10864
10972
11076
11160
11244
11312
11384
11444
11508
11568
11628
11684
11744
11804
11868
11928
12000
12068
12148
12232
12336
12448
12592
12748
12936
13144
13452
13716
13884
13996
14096
14172
14248
14316
14384
14448
14516
14576
14640
14704
14768
14832
14904
14968
15044
15116
15200
15280
15380
15480
15604
15736
15920
16128
16400
16632
16824
16956
17076
17172
17268
17348
17428
17500
17572
17636
17708
17768
17836
17896
17960
18024
18092
18156
18228
18300
