0
1384
2048
2500
2936
3356
3772
4164
4524
4860
5184
5508
5820
6132
6452
6788
7124
7460
7768
8072
8388
8700
9012
9320
9644
9988
10316
10644
10976
11288
11584
11900
12228
12544
12864
13208
13552
13872
14192
14512
14820
15132
15452
15776
16112
16452
16788
17108
17424
17744
18064
18376
18688
19028
19388
19708
20028
20372
20696
21000
21312
21648
21976
22308
22648
22980
23308
23640
23960
24268
24596
24940
25260
25584
25928
26276
26596
26916
27252
27576
27896
28236
28584
28912
29252
29588
29924
30244
30560
30884
31212
31564
31908
32240
32572
32912
33240
33552
33868
34204
34540
34880
35216
35556
35884
36216
36548
36852
37164
37504
37832
38160
38512
38836
39156
39480
39792
40100
40420
40752
41088
41424
41764
42096
42404
42716
43040
43360
43680
44020
44368
44704
45024
45360
45676
45980
46300
46640
46972
47304
47640
47976
48304
48616
48936
49264
49588
49912
50252
