9266848
9267436
9268095
9268631
9268948
9269190
9269386
9269592
9269821
9270108
9270385
9270623
9270824
9270993
9271147
9271303
9271458
9271608
9271760
9271888
9272010
9272126
9272247
9272369
9272501
9272646
9272800
9272936
9273077
9273212
9273351
9273498
9273651
9273789
9273936
9274084
9274234
9274384
9274545
9274703
9274878
9275056
9275225
9275374
9275517
9275641
9275769
9275891
9276010
9276119
9276236
9276343
9276449
9276549
9276660
9276780
9276906
9277032
9277171
9277290
9277398
9277493
9277587
9277681
9277775
9277863
9277954
9278038
9278122
9278199
9278276
9278350
9278426
9278501
9278581
9278655
9278728
9278798
9278871
9278946
9279027
9279107
9279192
9279269
9279345
9279417
9279492
9279566
9279644
9279718
9279797
9279871
9279945
9280016
9280085
9280157
9280230
9280303
9280382
9280455
9280528
9280598
9280670
9280745
9280825
9280904
9280989
9281066
9281146
9281222
9281302
9281382
9281465
9281552
9281632
9281714
9281797
9281873
9281951
9282029
9282110
9282192
9282279
9282358
9282437
9282513
9282592
9282674
9282759
9282844
9282933
9283017
9283100
9283181
9283265
9283347
9283435
9283523
9283617
9283703
9283787
9283867
9283950
9284032
9284116
9284198
9284283
9284368
9284439
9284512
9284587
9284659
9284734
9284807
9284885
9284959
9285028
9285096
9285165
9285234
9285308
9285380
9285456
9285525
9285594
9285659
9285727
9285796
9285867
9285939
9286013
9286081
9286149
9286212
9286278
9286344
9286416
9286479
9286549
9286614
9286678
9286741
9286805
9286869
9286935
9287007
9287071
9287137
9287205
9287269
9287335
9287401
9287472
9287540
9287616
9287687
9287759
9287828
9287900
9287972
9288048
9288124
9288208
9288281
9288355
9288425
9288496
9288568
9288643
9288720
9288792
9288864
9288935
9289004
9289076
9289147
9289222
9289295
9289374
9289450
9289526
9289599
9289673
9289749
9289829
9289909
9290000
9290078
9290159
9290235
9290315
9290396
9290481
9290564
9290650
9290730
9290811
9290889
9290969
9291047
9291130
9291211
9291300
9291383
9291464
9291541
9291620
9291699
9291784
9291866
9291955
9292037
9292119
9292199
9292282
9292366
9292457
9292547
9292645
9292737
9292832
9292921
9293014
9293109
9293208
9293305
9293408
9293500
9293590
9293673
9293753
9293831
9293909
9293985
9294065
9294139
9294212
9294281
9294352
9294425
9294503
9294580
9294661
9294736
9294809
9294879
9294953
9295026
9295105
9295180
9295261
9295336
9295412
9295485
9295559
9295633
9295709
9295784
9295864