131867404
131922068
132249228
132455080
132542532
132761196
132847204
132958124
133051628
133326068
133467752
133714216
133769172
133798096
133839972
133875604
133919000
134140208
134316860
134652504
134836268
134935852
135082284
170003684
170105376
170262072
170291464
170313188
170337480
170404480
170437360
170517016
170548824
170598332
170647640
170717040
170765524
170812252
170905984
171042044
171829784
172045980
172316760
172393104
172445176
172493304
172581164
172679964
173140728
173859908
174022868
175131628
175631496
175730292
175919720
176195512
176358380
176442636
176483832
176510464
176524192
176536252
176548960
176560308
176576112
176602752
176625492
176677216
176744608
176804624
176834200
176856428
176876972
176907364
176985576
177029192
177150780
177196344
177275232
177338900
177451772
177694776
177940368
182355516
185134336
185612828
185977936
199678800
199679828
199680256
199680832
199681160
199681444
199681828
199682392
199682628
199683060
199683720
199683968
199684292
199684700
199685128
199685516
199685948
199686396
199686668
199687016
199687324
199687608
199687848
199688116
199688468
199688772
199689044
199689428
199689812
199690068
199690392
199690764
199691044
199691260
199691508
199691860
199692152
199692392
199692644
199693012
199693320
199693596
199693904
199694248
199694532
199694796
199695120
199695432
199695688
199695912
199696184
199696500
199696752
199696996
199697284
199697632
199697948
199698220
199698540
199698868
199699140
199699404