0
996
1316
1540
1744
1944
2152
2360
2560
2764
2992
3260
3552
3828
4068
4288
4492
4684
4876
5060
5256
5464
5672
5876
6084
6328
6640
6920
7148
7372
7616
7840
8024
8188
8352
8540
8776
9032
9268
9492
9748
10056
10312
10516
10700
10892
11096
11312
11520
11708
11896
12100
12344
12620
12884
13132
13376
13620
13844
14044
14228
14412
14604
14816
15048
15276
15500
15748
16040
16332
16580
16796
17000
17204
17408
17612
17820
18032
18264
18516
18784
19048
19304
19560
19800
20020
20224
20424
20632
20836
21044
21260
21488
21728
21984
22244
22504
22756
22992
23216
23432
23636
23840
24052
24268
24496
24732
24976
25232
25496
25760
26012
26252
26476
26688
26892
27096
27300
27508
27732
27980
28252
28516
28760
28988
29216
29452
29684
29896
30096
30292
30496
30716
30948
31192
31448
31716
31980
32224
32448
32668
32880
33092
33300
33508
33724
33960
34208
34460
