0
928
1587
2128
2497
2846
3119
3405
3649
3916
4150
4406
4625
4863
5067
5291
5487
5705
5898
6117
6314
6537
6739
6968
7172
7404
7613
7848
8060
8301
8519
8768
8992
9247
9475
9728
9950
10194
10406
10638
10840
11063
11256
11471
11660
11870
12057
12266
12453
12663
12852
13062
13249
13457
13640
13843
14024
14225
14405
14608
14793
15006
15200
15424
15627
15861
16067
16302
16510
16744
16952
17187
17398
17635
17846
18085
18298
18535
18745
18982
19188
19421
19625
19854
20053
20276
20471
20688
20877
21086
21269
21474
21660
21860
22042
22249
22436
22652
22848
23069
