0
1436
2170
3106
3913
4290
4634
4910
5231
5534
5883
6176
6472
6709
6956
7170
7412
7633
7893
8122
8369
8579
8806
9006
9222
9414
9631
9826
10048
10247
10477
10682
10913
11128
11370
11580
11802
11993
12200
12381
12579
12756
12955
13140
13350
13549
13779
13990
14224
14426
14642
14828
15022
15193
15387
15547
15736
15904
16095
16268
16468
16653
16864
17055
17267
17462
17678
17866
18077
18261
18468
18654
18864
19055
19273
19472
19697
19899
20120
20314
20527
20714
20918
21100
21302
21482
21684
21866
22069
22252
22457
22643
22852
23042
23257
23448
23659
23842
24045
24223
